 Episode    Step   Epsilon     MeanReward     MeanLength       MeanLoss     MeanQValue      TimeDelta                Time
       0      40     1.000        231.000         40.000          0.000          0.000          0.499 2025-07-15T08:20:19
       1     149     1.000        421.000         74.500          0.000          0.000          1.685 2025-07-15T08:20:21
       2     302     1.000        478.333        100.667          0.000          0.000          2.013 2025-07-15T08:20:23
       3     342     1.000        416.500         85.500          0.000          0.000          0.688 2025-07-15T08:20:24
       4     615     1.000        538.800        123.000          0.000          0.000          3.350 2025-07-15T08:20:27
       5     731     1.000        548.500        121.833          0.000          0.000          1.550 2025-07-15T08:20:29
       6     888     1.000        561.000        126.857          0.000          0.000          2.009 2025-07-15T08:20:31
       7    1209     1.000        616.750        151.125          0.000          0.000          3.921 2025-07-15T08:20:35
       8    1469     1.000        692.889        163.222          0.000          0.000          3.224 2025-07-15T08:20:38
       9    1575     1.000        685.400        157.500          0.000          0.000          1.434 2025-07-15T08:20:39
