 Episode    Step   Epsilon     MeanReward     MeanLength       MeanLoss     MeanQValue      TimeDelta                Time
       0     121     0.100        680.000        121.000          0.000          0.000          2.497 2025-07-16T10:20:40
       1    1791     0.100        927.000        895.500          0.000          0.000         34.791 2025-07-16T10:21:15
       2    2202     0.100        950.000        734.000          0.000          0.000          9.241 2025-07-16T10:21:24
       3    2323     0.100        882.500        580.750          0.000          0.000          4.452 2025-07-16T10:21:28
       4    4409     0.100        849.000        881.800          0.000          0.000         42.744 2025-07-16T10:22:11
       5    6495     0.100        805.333       1082.500          0.000          0.000         42.676 2025-07-16T10:22:54
       6    8581     0.100        792.857       1225.857          0.000          0.000         45.453 2025-07-16T10:23:39
       7    8702     0.100        778.750       1087.750          0.000          0.000          3.623 2025-07-16T10:23:43
       8    8823     0.100        767.778        980.333          0.000          0.000          3.637 2025-07-16T10:23:47
       9    8944     0.100        759.000        894.400          0.000          0.000          6.810 2025-07-16T10:23:53
